run('hw06.m')

theta =

    1.5708   -0.7854    1.0472    3.1416    0.5236    1.5708


T =

   -1.0000   -0.0000   -0.0000   -0.0000
   -0.0000    0.9659    0.2588  329.6331
    0.0000    0.2588   -0.9659 -184.6309
         0         0         0    1.0000


theta =

    1.5708   -0.7854    1.0472   -0.0000   -0.5236   -1.5708

